0.315361
0.343669
0.36922
0.37434
0.379865
0.384795
0.388675
0.392866
0.395933
0.398366
0.402134
0.405839
0.407763
0.408096
0.410691
0.413535
0.414465
0.416313
0.417764
0.4192
0.42105
0.423712
0.425372
0.427259
0.427968
0.428783
0.429314
0.430397
0.431087
0.431284
0.431382
0.431411
0.431426
0.431514
0.431676
0.431547
0.431823
0.431823
0.431823
0.431934
0.432142
0.432309
0.432973
0.43465
0.435886
0.436733
0.437734
0.43865
0.439489
0.439587
0.439208
0.439653
0.439653
0.439957
0.442085
0.444517
0.448469
0.448773
0.448773
0.448773
0.448773
0.448773
0.448797
0.448797
0.44887
0.449039
0.449232
0.449498
0.449498
0.449498
0.449592
0.449919
0.450529
0.450809
0.450902
0.450902
0.450902
0.450391
0.450902
0.450902
0.450902
0.450902
0.450902
0.450902
0.450902
0.450902
0.450902
0.443327
0.450902
0.450902
0.450902
0.450902
0.450902
0.450902
0.450902
0.450909
0.450909
0.443243
0.450952
0.45099
0.451013
0.451017
0.451017
0.450563
0.451017
0.451017
0.451017
0.451017
0.451017
0.451017
0.451017
0.451017
0.44351
0.450647
0.451017
0.451017
0.451017
0.451017
0.451017
0.451017
0.451017
0.451017
0.450973
0.450973
0.451017
0.451017
0.451017
0.451017
0.451017
0.451017
0.451017
0.45108
0.451269
0.451774
0.452405
0.45291
0.452616
0.453018
0.453147
0.452849
0.453283
0.453556
0.453556
0.453556
0.453556
0.453556
0.453556
0.453556
0.453556
0.453556
0.453556
0.453556
0.453556
0.453556
0.453556
0.453556
0.453556
0.453556
0.453556
0.453556
0.453556
0.453556
0.453556
0.453556
0.453556
0.453556
0.453337
0.445731
0.453556
0.453556
0.453556
0.453556
0.453556
0.453556
0.453556
0.453556
0.453556
0.453556
0.453556
0.453556
0.453582
0.453608
0.453608
0.453764
0.453529
0.454128
0.454283
0.454309
0.454335
0.454335
0.454335
0.454335
0.454335
0.454335
0.454335
0.454335
0.454335
0.454335
0.454335
0.454335
0.454335
0.454335
0.454335
0.454335
0.454335
0.454335
0.446756
0.454335
0.454335
0.454335
0.454335
0.454335
0.454335
0.454335
0.454335
0.454335
0.454335
0.454335
0.454335
0.454335
0.454335
0.454335
0.454074
0.454335
0.454335
0.453975
0.454335
0.454335
0.454335
0.454335
0.454335
0.454335
0.454335
0.454335
0.454335
0.454335
0.454335
0.454335
0.454335
0.454335
0.454335
0.454335
0.446654
0.446654
0.454335
0.446648
0.454335
0.454147
0.454335
0.454335
0.454335
0.454335
0.453778
0.454335
0.454335
0.454335
0.454335
0.454335
0.454335
0.454335
0.454335
0.454335
0.454335
0.454335
0.454335
0.454335
0.454335
0.454335
0.454335
0.454335
0.454335
0.454335
0.453859
0.454335
0.454335
0.454335
0.454335
0.454335
0.454335
0.454335
0.454335
0.454335
0.454335
0.454335
0.454335
0.454335
0.454335
0.454335
0.454335
0.454335
0.454335
0.454335
0.454335
0.454335
0.454335
0.454335
0.454335
0.454335
0.454335
0.454335
0.454335
0.454335
0.454335
0.454335
0.454335
0.454335
0.454335
0.454335
0.454335
0.454335
0.454335
0.454335
0.454335
0.454335
0.454335
0.454335
0.454335
0.454335
0.454335
0.454335
0.454335
0.454335
0.45417
0.454335
0.454335
0.454335
0.454335
0.454335
0.454335
0.454335
0.454335
0.454115
0.454335
0.453973
0.453973
0.454335
0.454335
0.454187
0.454335
0.454335
0.454335
0.454335
0.454335
0.454335
0.454335
0.453866
0.454335
0.454335
0.454335
0.454335
0.454335
0.454335
0.454335
0.454335
0.454335
0.454335
0.454335
0.454122
0.454335
0.454335
0.454335
0.454335
0.454335
0.454335
0.454335
0.454335
0.454335
0.454335
0.454335
0.454335
0.446498
0.454309
0.454335
0.454335
0.454335
0.454335
0.454335
0.454335
0.454335
0.454335
0.454335
0.454335
0.454335
0.454335
0.454335
0.454335
0.446757
0.454335
0.454335
0.454335
0.454335
0.454335
0.454335
0.454335
0.454335
0.454335
0.454335
0.454335
0.454335
0.454335
0.454335
0.454335
0.454335
0.454175
0.454175
0.454335
0.454335
0.454407
0.454551
0.454562
0.455844
0.456418
0.456113
0.456399
0.45649
0.45649
0.45649
0.455989
0.45649
0.45649
0.45649
0.45649
0.45649
0.45649
0.45649
0.45649
0.45649
0.45649
0.45649
0.45649
0.45649
0.45649
0.45649
0.45649
0.45649
0.45649
0.456506
0.456522
0.456603
0.456635
0.456684
0.456861
0.449048
0.456975
0.456975
0.456975
0.456975
0.456975
0.456975
0.456975
0.456975
0.456975
0.456975
0.456975
0.456975
0.456975
0.456975
0.456975
0.456975
0.456975
0.456975
0.456975
0.456975
0.456754
0.456975
0.456975
0.456975
0.456975
0.456975
0.456975
0.456975
0.456975
0.456975
0.456975
0.456975
0.456975
0.456819
0.456692
0.456975
0.456975
0.456975
0.456975
0.456975
0.456975
0.456975
0.456975
0.456975
0.456975
0.456975
0.456975
0.456975
0.456982
0.45699
0.457017
0.457059
0.457078
0.45709
0.45709
0.45709
0.45709
0.45709
0.45709
0.45709
0.45709
0.449342
0.45709
0.45709
0.45709
0.45709
0.45709
0.45709
0.45709
0.45709
0.45709
0.45709
0.45709
0.45709
0.456791
0.45709
0.45709
0.45709
0.45709
0.45709
0.45709
0.45709
0.45709
0.45709
0.449255
0.456801
0.456808
0.45709
0.456821
0.45709
0.456631
0.45709
0.45709
0.45709
0.456964
0.45709
0.45709
0.45709
0.45709
0.45709
0.45709
0.45709
0.45709
0.45709
0.45709
0.45709
0.45709
0.45709
0.45709
0.45709
0.456649
0.45709
0.45709
0.45709
0.45709
0.45709
0.45709
0.45709
0.45709
0.45709
0.45709
0.45709
0.45709
0.45709
0.45709
0.449053
0.45709
0.45709
0.45709
0.45709
0.45709
0.45709
0.45709
0.45709
0.45709
0.45709
0.45709
0.45709
0.45709
0.45709
0.45709
0.456997
0.45709
0.45709
0.45709
0.45709
0.45709
0.45709
0.456673
0.45709
0.45709
0.45709
0.45709
0.45709
0.45709
0.45709
0.45709
0.45709
0.45709
0.45709
0.45709
0.45709
0.45709
0.45709
0.45709
0.45709
0.45709
0.457046
0.456774
0.45709
0.45709
0.45709
0.45709
0.45709
0.45709
0.45709
0.45709
0.456497
0.45709
0.456824
0.456589
0.456727
0.45709
0.45709
0.45709
0.45709
0.45709
0.456965
0.456483
0.45674
0.45709
0.45709
0.45709
0.45709
0.45709
0.45709
0.45709
0.45709
0.45709
0.45709
0.45709
0.45709
0.45709
0.45709
0.45709
0.45709
0.45709
0.45709
0.45709
0.456756
0.456922
0.45709
0.45709
0.45709
0.45709
0.45709
0.45709
0.45709
0.45709
0.45709
0.45709
0.45709
0.45709
0.45709
0.45709
0.45709
0.45709
0.45709
0.45709
0.456597
0.45709
0.456893
0.45709
0.45709
0.45709
0.45709
0.45709
0.45709
0.45709
0.45709
0.45709
0.45709
0.45709
0.45709
0.45709
0.45709
0.45709
0.45709
0.45709
0.45709
0.45709
0.45709
0.45709
0.45709
0.45709
0.45709
0.449376
0.45709
0.45709
0.45709
0.45709
0.45709
0.456943
0.45709
0.45709
0.45709
0.45709
0.45709
0.45709
0.45709
0.45709
0.45709
0.449472
0.45709
0.45709
0.45709
0.45709
0.45709
0.45709
0.45709
0.45709
0.45709
0.456481
0.45709
0.45709
0.45709
0.45709
0.456743
0.45709
0.45709
0.45709
0.45709
0.45709
0.449219
0.456128
0.45709
0.45709
0.45709
0.45709
0.45709
0.45709
0.45709
0.45709
0.45709
0.45709
0.45709
0.45709
0.45709
0.45709
0.45709
0.456595
0.45709
0.45709
0.45709
0.45709
0.45709
0.45709
0.449365
0.45709
0.456831
0.45709
0.45709
0.45709
0.45709
0.45709
0.45709
0.45709
0.45709
0.45709
0.45709
0.45709
0.45709
0.45709
0.45709
0.456728
0.45709
0.45709
0.45709
0.45709
0.45709
0.45709
0.45709
0.45709
0.45709
0.45709
0.457053
0.45709
0.45709
0.45709
0.45709
0.45709
0.45709
0.45709
0.45709
0.45709
0.45709
0.45709
0.45709
0.45709
0.45709
0.45709
0.456727
0.45709
0.45709
0.45709
0.45709
0.45709
0.449418
0.45709
0.45709
0.456926
0.45709
0.45709
0.45709
0.45709
0.45709
0.45709
0.45709
0.45709
0.45709
0.45709
0.45709
0.45709
0.45709
0.45709
0.45709
0.45709
0.45709
0.456833
0.45709
0.45709
0.45709
0.45709
0.45709
0.45709
0.45709
0.45709
0.45709
0.45709
0.45709
0.45709
0.45709
0.45709
0.45709
0.45709
0.45709
0.45709
0.45709
0.45709
0.45709
0.45709
0.45709
0.45709
0.45709
0.45709
0.45709
0.45709
0.441473
0.45709
0.449205
0.45709
0.45709
0.45709
0.45709
0.45709
0.45709
0.45709
0.45709
0.45709
0.456665
0.45709
0.449453
0.45709
0.45709
0.45709
0.45709
0.45709
0.45709
0.45709
0.45709
0.45709
0.45709
0.45709
0.45709
0.45693
0.455855
0.45709
0.45709
0.45709
0.45709
0.45709
0.456698
0.45709
0.45709
0.45709
0.45709
0.457186
0.457667
0.458341
0.458918
0.45988
0.459976
0.459976
0.459976
0.459976
0.459976
0.459976
0.459976
0.459976
0.459976
0.459976
0.459976
0.459976
0.452205
0.459976
0.459976
0.459976
0.459976
0.459976
0.459976
0.459976
0.459976
0.459976
0.459976
0.459976
0.459976
0.459976
0.459976
0.459976
0.459976
0.459976
0.459976
0.459976
0.459976
0.459976
0.459976
0.459976
0.459976
0.459976
0.459976
0.459976
0.459976
0.459976
0.459976
0.459976
0.459976
0.459976
0.459976
0.459976
0.459976
0.459976
0.459976
0.459976
0.459976
0.459976
0.459976
0.459976
0.459721
0.459976
0.459976
0.459976
0.459976
0.459976
0.459976
0.459976
0.459976
0.459976
0.459976
0.459976
0.459722
0.459976
0.459976
0.459976
0.459976
0.459976
0.459976
0.459976
0.459976
0.459976
0.459976
0.459976
0.459976
0.459976
0.459976
0.459976
0.459976
0.459976
0.452278
0.459976
0.459976
0.459976
0.459976
0.459976
0.459976
0.459976
0.459976
0.459976
