0.390448
0.390448
0.39067
0.395095
0.395095
0.395095
0.395095
0.398582
0.406943
0.406943
0.406943
0.413881
0.413881
0.413881
0.413881
0.417047
0.417047
0.423985
0.423985
0.42497
0.42497
0.428428
0.428428
0.431382
0.431382
0.431382
0.431382
0.431382
0.431382
0.431382
0.431382
0.431823
0.431823
0.431823
0.431823
0.431823
0.431823
0.431823
0.431823
0.435165
0.435165
0.435165
0.435165
0.438668
0.439653
0.439653
0.439653
0.439653
0.439653
0.439653
0.439653
0.439653
0.439653
0.448773
0.448773
0.448773
0.448773
0.448773
0.448773
0.448773
0.448773
0.448773
0.449498
0.449498
0.449498
0.449498
0.449498
0.449498
0.449498
0.449498
0.450902
0.450902
0.450902
0.450902
0.450902
0.450902
0.450902
0.450902
0.450902
0.450902
0.450902
0.450902
0.450902
0.450902
0.450902
0.450902
0.450902
0.450902
0.450902
0.450902
0.450902
0.450902
0.450902
0.450902
0.450902
0.451017
0.451017
0.451017
0.451017
0.451017
0.451017
0.451017
0.451017
0.451017
0.451017
0.451017
0.451017
0.451017
0.451017
0.451017
0.451017
0.451017
0.451017
0.451017
0.451017
0.451017
0.451017
0.451017
0.451017
0.451017
0.451017
0.451017
0.451017
0.451017
0.451017
0.451017
0.451017
0.451017
0.451017
0.451017
0.451017
0.45291
0.45291
0.45291
0.45291
0.45291
0.453556
0.453556
0.453556
0.453556
0.453556
0.453556
0.453556
0.453556
0.453556
0.453556
0.453556
0.453556
0.453556
0.453556
0.453556
0.453556
0.453556
0.453556
0.453556
0.453556
0.453556
0.453556
0.453556
0.453556
0.453556
0.453556
0.453556
0.453556
0.453556
0.453556
0.453556
0.453556
0.453556
0.453556
0.453556
0.453556
0.453556
0.453556
0.453556
0.453556
0.453556
0.453556
0.453556
0.453556
0.454335
0.454335
0.454335
0.454335
0.454335
0.454335
0.454335
0.454335
0.454335
0.454335
0.454335
0.454335
0.454335
0.454335
0.454335
0.454335
0.454335
0.454335
0.454335
0.454335
0.454335
0.454335
0.454335
0.454335
0.454335
0.454335
0.454335
0.454335
0.454335
0.454335
0.454335
0.454335
0.454335
0.454335
0.454335
0.454335
0.454335
0.454335
0.454335
0.454335
0.454335
0.454335
0.454335
0.454335
0.454335
0.454335
0.454335
0.454335
0.454335
0.454335
0.454335
0.454335
0.454335
0.454335
0.454335
0.454335
0.454335
0.454335
0.454335
0.454335
0.454335
0.454335
0.454335
0.454335
0.454335
0.454335
0.454335
0.454335
0.454335
0.454335
0.454335
0.454335
0.454335
0.454335
0.454335
0.454335
0.454335
0.454335
0.454335
0.454335
0.454335
0.454335
0.454335
0.454335
0.454335
0.454335
0.454335
0.454335
0.454335
0.454335
0.454335
0.454335
0.454335
0.454335
0.454335
0.454335
0.454335
0.454335
0.454335
0.454335
0.454335
0.454335
0.454335
0.454335
0.454335
0.454335
0.454335
0.454335
0.454335
0.454335
0.454335
0.454335
0.454335
0.454335
0.454335
0.454335
0.454335
0.454335
0.454335
0.454335
0.454335
0.454335
0.454335
0.454335
0.454335
0.454335
0.454335
0.454335
0.454335
0.454335
0.454335
0.454335
0.454335
0.454335
0.454335
0.454335
0.454335
0.454335
0.454335
0.454335
0.454335
0.454335
0.454335
0.454335
0.454335
0.454335
0.454335
0.454335
0.454335
0.454335
0.454335
0.454335
0.454335
0.454335
0.454335
0.454335
0.454335
0.454335
0.454335
0.454335
0.454335
0.454335
0.454335
0.454335
0.454335
0.454335
0.454335
0.454335
0.454335
0.454335
0.454335
0.454335
0.454335
0.454335
0.454335
0.454335
0.454335
0.454335
0.454335
0.454335
0.454335
0.454335
0.454335
0.454335
0.454335
0.454335
0.454335
0.454335
0.454335
0.454335
0.454335
0.454335
0.454335
0.454335
0.454335
0.454335
0.454335
0.454335
0.454335
0.454335
0.454335
0.454335
0.454335
0.454335
0.454335
0.454335
0.454335
0.454335
0.454335
0.454335
0.454335
0.454335
0.454335
0.454335
0.454335
0.454335
0.454335
0.454335
0.454335
0.454335
0.454335
0.454335
0.454335
0.454335
0.454335
0.454335
0.454335
0.45649
0.45649
0.45649
0.45649
0.45649
0.45649
0.45649
0.45649
0.45649
0.45649
0.45649
0.45649
0.45649
0.45649
0.45649
0.45649
0.45649
0.45649
0.45649
0.45649
0.45649
0.45649
0.45649
0.45649
0.45649
0.45649
0.45649
0.45649
0.45649
0.456975
0.456975
0.456975
0.456975
0.456975
0.456975
0.456975
0.456975
0.456975
0.456975
0.456975
0.456975
0.456975
0.456975
0.456975
0.456975
0.456975
0.456975
0.456975
0.456975
0.456975
0.456975
0.456975
0.456975
0.456975
0.456975
0.456975
0.456975
0.456975
0.456975
0.456975
0.456975
0.456975
0.456975
0.456975
0.456975
0.456975
0.456975
0.456975
0.456975
0.456975
0.456975
0.456975
0.456975
0.456975
0.456975
0.456975
0.456975
0.456975
0.456975
0.456975
0.456975
0.456975
0.456975
0.456975
0.45709
0.45709
0.45709
0.45709
0.45709
0.45709
0.45709
0.45709
0.45709
0.45709
0.45709
0.45709
0.45709
0.45709
0.45709
0.45709
0.45709
0.45709
0.45709
0.45709
0.45709
0.45709
0.45709
0.45709
0.45709
0.45709
0.45709
0.45709
0.45709
0.45709
0.45709
0.45709
0.45709
0.45709
0.45709
0.45709
0.45709
0.45709
0.45709
0.45709
0.45709
0.45709
0.45709
0.45709
0.45709
0.45709
0.45709
0.45709
0.45709
0.45709
0.45709
0.45709
0.45709
0.45709
0.45709
0.45709
0.45709
0.45709
0.45709
0.45709
0.45709
0.45709
0.45709
0.45709
0.45709
0.45709
0.45709
0.45709
0.45709
0.45709
0.45709
0.45709
0.45709
0.45709
0.45709
0.45709
0.45709
0.45709
0.45709
0.45709
0.45709
0.45709
0.45709
0.45709
0.45709
0.45709
0.45709
0.45709
0.45709
0.45709
0.45709
0.45709
0.45709
0.45709
0.45709
0.45709
0.45709
0.45709
0.45709
0.45709
0.45709
0.45709
0.45709
0.45709
0.45709
0.45709
0.45709
0.45709
0.45709
0.45709
0.45709
0.45709
0.45709
0.45709
0.45709
0.45709
0.45709
0.45709
0.45709
0.45709
0.45709
0.45709
0.45709
0.45709
0.45709
0.45709
0.45709
0.45709
0.45709
0.45709
0.45709
0.45709
0.45709
0.45709
0.45709
0.45709
0.45709
0.45709
0.45709
0.45709
0.45709
0.45709
0.45709
0.45709
0.45709
0.45709
0.45709
0.45709
0.45709
0.45709
0.45709
0.45709
0.45709
0.45709
0.45709
0.45709
0.45709
0.45709
0.45709
0.45709
0.45709
0.45709
0.45709
0.45709
0.45709
0.45709
0.45709
0.45709
0.45709
0.45709
0.45709
0.45709
0.45709
0.45709
0.45709
0.45709
0.45709
0.45709
0.45709
0.45709
0.45709
0.45709
0.45709
0.45709
0.45709
0.45709
0.45709
0.45709
0.45709
0.45709
0.45709
0.45709
0.45709
0.45709
0.45709
0.45709
0.45709
0.45709
0.45709
0.45709
0.45709
0.45709
0.45709
0.45709
0.45709
0.45709
0.45709
0.45709
0.45709
0.45709
0.45709
0.45709
0.45709
0.45709
0.45709
0.45709
0.45709
0.45709
0.45709
0.45709
0.45709
0.45709
0.45709
0.45709
0.45709
0.45709
0.45709
0.45709
0.45709
0.45709
0.45709
0.45709
0.45709
0.45709
0.45709
0.45709
0.45709
0.45709
0.45709
0.45709
0.45709
0.45709
0.45709
0.45709
0.45709
0.45709
0.45709
0.45709
0.45709
0.45709
0.45709
0.45709
0.45709
0.45709
0.45709
0.45709
0.45709
0.45709
0.45709
0.45709
0.45709
0.45709
0.45709
0.45709
0.45709
0.45709
0.45709
0.45709
0.45709
0.45709
0.45709
0.45709
0.45709
0.45709
0.45709
0.45709
0.45709
0.45709
0.45709
0.45709
0.45709
0.45709
0.45709
0.45709
0.45709
0.45709
0.45709
0.45709
0.45709
0.45709
0.45709
0.45709
0.45709
0.45709
0.45709
0.45709
0.45709
0.45709
0.45709
0.45709
0.45709
0.45709
0.45709
0.45709
0.45709
0.45709
0.45709
0.45709
0.45709
0.45709
0.45709
0.45709
0.45709
0.45709
0.45709
0.45709
0.45709
0.45709
0.45709
0.45709
0.45709
0.45709
0.45709
0.45709
0.45709
0.45709
0.45709
0.45709
0.45709
0.45709
0.45709
0.45709
0.45709
0.45709
0.45709
0.45709
0.45709
0.45709
0.45709
0.45709
0.45709
0.45709
0.45709
0.45709
0.45709
0.45709
0.45709
0.45709
0.45709
0.45709
0.45709
0.45709
0.45709
0.45709
0.45709
0.45709
0.45709
0.45709
0.45709
0.45709
0.45709
0.45709
0.45709
0.45709
0.45709
0.45709
0.45709
0.45709
0.45709
0.45709
0.45709
0.45709
0.45709
0.45709
0.45709
0.45709
0.45709
0.45709
0.45709
0.45709
0.45709
0.45709
0.45709
0.45709
0.45709
0.45709
0.45709
0.45709
0.45709
0.45709
0.45709
0.45709
0.45709
0.45709
0.45709
0.45709
0.45709
0.45709
0.45709
0.45709
0.45709
0.45709
0.45709
0.45709
0.45709
0.45709
0.45709
0.45709
0.459976
0.459976
0.459976
0.459976
0.459976
0.459976
0.459976
0.459976
0.459976
0.459976
0.459976
0.459976
0.459976
0.459976
0.459976
0.459976
0.459976
0.459976
0.459976
0.459976
0.459976
0.459976
0.459976
0.459976
0.459976
0.459976
0.459976
0.459976
0.459976
0.459976
0.459976
0.459976
0.459976
0.459976
0.459976
0.459976
0.459976
0.459976
0.459976
0.459976
0.459976
0.459976
0.459976
0.459976
0.459976
0.459976
0.459976
0.459976
0.459976
0.459976
0.459976
0.459976
0.459976
0.459976
0.459976
0.459976
0.459976
0.459976
0.459976
0.459976
0.459976
0.459976
0.459976
0.459976
0.459976
0.459976
0.459976
0.459976
0.459976
0.459976
0.459976
0.459976
0.459976
0.459976
0.459976
0.459976
0.459976
0.459976
0.459976
0.459976
0.459976
0.459976
0.459976
0.459976
0.459976
0.459976
0.459976
0.459976
0.459976
0.459976
0.459976
0.459976
0.459976
0.459976
0.459976
0.459976
0.459976
0.459976
0.459976
0.459976
0.459976
