20 30 7 35 36 2 40 22 17 18 37 13 16 25 14 
20 30 7 35 36 2 40 22 17 18 37 13 16 25 14 
33 10 3 34 35 11 17 27 7 22 6 28 23 40 38 
33 10 18 5 35 11 17 27 7 22 6 28 23 40 38 
33 10 18 5 35 11 17 27 7 22 6 28 23 40 38 
33 10 18 5 35 11 17 27 7 22 6 28 23 40 38 
33 10 18 5 35 11 17 27 7 22 6 28 23 40 38 
33 18 5 35 11 17 27 7 22 6 28 23 3 12 10 
1 37 18 5 35 11 17 27 7 22 6 33 3 12 10 
1 37 18 5 35 11 17 27 7 22 6 33 3 12 10 
1 37 18 5 35 11 17 27 7 22 6 33 3 12 10 
37 18 5 35 28 11 17 27 7 22 6 33 3 12 10 
37 18 5 35 28 11 17 27 7 22 6 33 3 12 10 
37 18 5 35 28 11 17 27 7 22 6 33 3 12 10 
37 18 5 35 28 11 17 27 7 22 6 33 3 12 10 
1 37 18 5 35 11 17 2 7 22 6 33 3 12 10 
1 37 18 5 35 11 17 2 7 22 6 33 3 12 10 
37 18 5 35 28 11 17 2 7 22 6 33 3 12 10 
37 18 5 35 28 11 17 2 7 22 6 33 3 12 10 
28 37 18 5 35 11 38 2 7 22 6 33 3 12 10 
28 37 18 5 35 11 38 2 7 22 6 33 3 12 10 
37 18 5 35 28 11 17 2 7 4 6 33 3 12 10 
37 18 5 35 28 11 17 2 7 4 6 33 3 12 10 
37 18 5 35 28 11 17 2 7 20 6 33 3 4 10 
37 18 5 35 28 11 17 2 7 20 6 33 3 4 10 
18 5 35 28 11 20 17 2 7 4 6 33 3 10 37 
18 5 35 28 11 20 17 2 7 4 6 33 3 10 37 
18 5 35 28 11 20 17 2 7 4 6 33 3 10 37 
18 5 35 28 11 20 17 2 7 4 6 33 3 10 37 
18 5 35 28 11 20 17 2 7 4 6 33 3 10 37 
18 5 35 28 11 20 17 2 7 4 6 33 3 10 37 
37 18 5 35 28 11 17 2 7 31 6 33 3 4 10 
37 18 5 35 28 11 17 2 7 31 6 33 3 4 10 
37 18 5 35 28 11 17 2 7 31 6 33 3 4 10 
37 18 5 35 28 11 17 2 7 31 6 33 3 4 10 
37 18 5 35 28 11 17 2 7 31 6 33 3 4 10 
37 18 5 35 28 11 17 2 7 31 6 33 3 4 10 
37 18 5 35 28 11 17 2 7 31 6 33 3 4 10 
37 18 5 35 28 11 17 2 7 31 6 33 3 4 10 
8 5 35 28 11 17 2 7 31 4 6 33 3 10 37 
8 5 35 28 11 17 2 7 31 4 6 33 3 10 37 
8 5 35 28 11 17 2 7 31 4 6 33 3 10 37 
8 5 35 28 11 17 2 7 31 4 6 33 3 10 37 
8 5 35 28 11 17 2 7 31 6 33 3 10 37 18 
8 5 35 28 11 38 2 7 31 6 33 3 10 37 18 
8 5 35 28 11 38 2 7 31 6 33 3 10 37 18 
8 5 35 28 11 38 2 7 31 6 33 3 10 37 18 
8 5 35 28 11 38 2 7 31 6 33 3 10 37 18 
8 5 35 28 11 38 2 7 31 6 33 3 10 37 18 
8 5 35 28 11 38 2 7 31 6 33 3 10 37 18 
8 5 35 28 11 38 2 7 31 6 33 3 10 37 18 
8 5 35 28 11 38 2 7 31 6 33 3 10 37 18 
8 5 35 28 11 38 2 7 31 6 33 3 10 37 18 
8 5 35 28 11 38 2 7 31 6 33 3 10 37 36 
8 5 35 28 11 38 2 7 31 6 33 3 10 37 36 
8 5 35 28 11 38 2 7 31 6 33 3 10 37 36 
8 5 35 28 11 38 2 7 31 6 33 3 10 37 36 
8 5 35 28 11 38 2 7 31 6 33 3 10 37 36 
8 5 35 28 11 38 2 7 31 6 33 3 10 37 36 
8 5 35 28 11 38 2 7 31 6 33 3 10 37 36 
8 5 35 28 11 38 2 7 31 6 33 3 10 37 36 
8 5 35 28 11 38 2 7 31 6 33 3 10 37 36 
8 5 35 18 11 38 2 7 31 6 33 3 10 37 36 
8 5 35 18 11 38 2 7 31 6 33 3 10 37 36 
8 5 35 18 11 38 2 7 31 6 33 3 10 37 36 
8 5 35 18 11 38 2 7 31 6 33 3 10 37 36 
8 5 35 18 11 38 2 7 31 6 33 3 10 37 36 
8 5 35 18 11 38 2 7 31 6 33 3 10 37 36 
8 5 35 18 11 38 2 7 31 6 33 3 10 37 36 
8 5 35 18 11 38 2 7 31 6 33 3 10 37 36 
8 5 35 18 11 38 2 7 31 27 33 3 10 37 36 
8 5 35 18 11 38 2 7 31 27 33 3 10 37 36 
8 5 35 18 11 38 2 7 31 27 33 3 10 37 36 
8 5 35 18 11 38 2 7 31 27 33 3 10 37 36 
8 5 35 18 11 38 2 7 31 27 33 3 10 37 36 
8 5 35 18 11 38 2 7 31 27 33 3 10 37 36 
8 5 35 18 11 38 2 7 31 27 33 3 10 37 36 
8 5 35 18 11 38 2 7 31 27 33 3 10 37 36 
8 5 35 18 11 38 2 7 31 27 33 3 10 37 36 
8 5 35 18 11 38 2 7 31 27 33 3 10 37 36 
8 5 35 18 11 38 2 7 31 27 33 3 10 37 36 
8 5 35 18 11 38 2 7 31 27 33 3 10 37 36 
8 5 35 18 11 38 2 7 31 27 33 3 10 37 36 
8 5 35 18 11 38 2 7 31 27 33 3 10 37 36 
8 5 35 18 11 38 2 7 31 27 33 3 10 37 36 
8 5 35 18 11 38 2 7 31 27 33 3 10 37 36 
8 5 35 18 11 38 2 7 31 27 33 3 10 37 36 
8 5 35 18 11 38 2 7 31 27 33 3 10 37 36 
8 5 35 18 11 38 2 7 31 27 33 3 10 37 36 
8 5 35 18 11 38 2 7 31 27 33 3 10 37 36 
8 5 35 18 11 38 2 7 31 27 33 3 10 37 36 
8 5 35 18 11 38 2 7 31 27 33 3 10 37 36 
8 5 35 18 11 38 2 7 31 27 33 3 10 37 36 
8 5 35 18 11 38 2 7 31 27 33 3 10 37 36 
8 5 35 18 11 38 2 7 31 27 33 3 10 37 36 
8 5 35 18 11 38 2 7 31 27 17 3 10 37 36 
8 5 35 18 11 38 2 7 31 27 17 3 10 37 36 
8 5 35 18 11 38 2 7 31 27 17 3 10 37 36 
8 5 35 18 11 38 2 7 31 27 17 3 10 37 36 
8 5 35 18 11 38 2 7 31 27 17 3 10 37 36 
8 5 35 18 11 38 2 7 31 27 17 3 10 37 36 
8 5 35 18 11 38 2 7 31 27 17 3 10 37 36 
8 5 35 18 11 38 2 7 31 27 17 3 10 37 36 
8 5 35 18 11 38 2 7 31 27 17 3 10 37 36 
8 5 35 18 11 38 2 7 31 27 17 3 10 37 36 
8 5 35 18 11 38 2 7 31 27 17 3 10 37 36 
8 5 35 18 11 38 2 7 31 27 17 3 10 37 36 
8 5 35 18 11 38 2 7 31 27 17 3 10 37 36 
8 5 35 18 11 38 2 7 31 27 17 3 10 37 36 
8 5 35 18 11 38 2 7 31 27 17 3 10 37 36 
8 5 35 18 11 38 2 7 31 27 17 3 10 37 36 
8 5 35 18 11 38 2 7 31 27 17 3 10 37 36 
8 5 35 18 11 38 2 7 31 27 17 3 10 37 36 
8 5 35 18 11 38 2 7 31 27 17 3 10 37 36 
8 5 35 18 11 38 2 7 31 27 17 3 10 37 36 
8 5 35 18 11 38 2 7 31 27 17 3 10 37 36 
8 5 35 18 11 38 2 7 31 27 17 3 10 37 36 
8 5 35 18 11 38 2 7 31 27 17 3 10 37 36 
8 5 35 18 11 38 2 7 31 27 17 3 10 37 36 
8 5 35 18 11 38 2 7 31 27 17 3 10 37 36 
8 5 35 18 11 38 2 7 31 27 17 3 10 37 36 
8 5 35 18 11 38 2 7 31 27 17 3 10 37 36 
8 5 35 18 11 38 2 7 31 27 17 3 10 37 36 
8 5 35 18 11 38 2 7 31 27 17 3 10 37 36 
8 5 35 18 11 38 2 7 31 27 17 3 10 37 36 
8 5 35 18 11 38 2 7 31 27 17 3 10 37 36 
8 5 35 18 11 38 2 7 31 27 17 3 10 37 36 
8 5 35 18 11 38 2 7 31 27 17 3 10 37 36 
8 5 35 18 11 38 2 7 31 27 17 3 10 37 36 
8 5 35 18 11 38 2 7 31 27 17 3 10 37 36 
8 5 35 18 11 38 2 7 31 27 17 3 10 37 36 
8 5 33 18 11 38 2 7 31 27 17 3 10 37 36 
8 5 33 18 11 38 2 7 31 27 17 3 10 37 36 
8 5 33 18 11 38 2 7 31 27 17 3 10 37 36 
8 5 33 18 11 38 2 7 31 27 17 3 10 37 36 
8 5 33 18 11 38 2 7 31 27 17 3 10 37 36 
8 21 33 18 11 38 2 7 31 27 17 3 10 37 36 
8 21 33 18 11 38 2 7 31 27 17 3 10 37 36 
8 21 33 18 11 38 2 7 31 27 17 3 10 37 36 
8 21 33 18 11 38 2 7 31 27 17 3 10 37 36 
8 21 33 18 11 38 2 7 31 27 17 3 10 37 36 
8 21 33 18 11 38 2 7 31 27 17 3 10 37 36 
8 21 33 18 11 38 2 7 31 27 17 3 10 37 36 
8 21 33 18 11 38 2 7 31 27 17 3 10 37 36 
8 21 33 18 11 38 2 7 31 27 17 3 10 37 36 
8 21 33 18 11 38 2 7 31 27 17 3 10 37 36 
8 21 33 18 11 38 2 7 31 27 17 3 10 37 36 
8 21 33 18 11 38 2 7 31 27 17 3 10 37 36 
8 21 33 18 11 38 2 7 31 27 17 3 10 37 36 
8 21 33 18 11 38 2 7 31 27 17 3 10 37 36 
8 21 33 18 11 38 2 7 31 27 17 3 10 37 36 
8 21 33 18 11 38 2 7 31 27 17 3 10 37 36 
8 21 33 18 11 38 2 7 31 27 17 3 10 37 36 
8 21 33 18 11 38 2 7 31 27 17 3 10 37 36 
8 21 33 18 11 38 2 7 31 27 17 3 10 37 36 
8 21 33 18 11 38 2 7 31 27 17 3 10 37 36 
8 21 33 18 11 38 2 7 31 27 17 3 10 37 36 
8 21 33 18 11 38 2 7 31 27 17 3 10 37 36 
8 21 33 18 11 38 2 7 31 27 17 3 10 37 36 
8 21 33 18 11 38 2 7 31 27 17 3 10 37 36 
8 21 33 18 11 38 2 7 31 27 17 3 10 37 36 
8 21 33 18 11 38 2 7 31 27 17 3 10 37 36 
8 21 33 18 11 38 2 7 31 27 17 3 10 37 36 
8 21 33 18 11 38 2 7 31 27 17 3 10 37 36 
8 21 33 18 11 38 2 7 31 27 17 3 10 37 36 
8 21 33 18 11 38 2 7 31 27 17 3 10 37 36 
8 21 33 18 11 38 2 7 31 27 17 3 10 37 36 
8 21 33 18 11 38 2 7 31 27 17 3 10 37 36 
8 21 33 18 11 38 2 7 31 27 17 3 10 37 36 
8 21 33 18 11 38 2 7 31 27 17 3 10 37 36 
8 21 33 18 11 38 2 7 31 27 17 3 10 37 36 
8 21 33 18 11 38 2 7 31 27 17 3 10 37 36 
8 21 33 18 11 38 2 7 31 27 17 3 10 37 36 
8 21 33 18 11 38 2 7 31 27 17 3 10 37 36 
8 21 33 18 11 38 2 7 31 27 17 3 10 37 36 
8 21 33 18 11 38 2 7 31 27 17 3 10 37 36 
8 21 33 18 11 38 2 7 31 27 17 3 10 37 36 
8 21 33 18 11 38 2 7 31 27 17 3 10 37 36 
8 21 33 18 11 38 2 7 31 27 17 3 10 37 36 
8 21 33 18 11 38 2 7 31 27 17 3 10 37 36 
8 21 33 18 11 38 2 7 31 27 17 3 5 37 36 
8 21 33 18 11 38 2 7 31 27 17 3 5 37 36 
8 21 33 18 11 38 2 7 31 27 17 3 5 37 36 
8 21 33 18 11 38 2 7 31 27 17 3 5 37 36 
8 21 33 18 11 38 2 7 31 27 17 3 5 37 36 
8 21 33 18 11 38 2 7 31 27 17 3 5 37 36 
8 21 33 18 11 38 2 7 31 27 17 3 5 37 36 
8 21 33 18 11 38 2 7 31 27 17 3 5 37 36 
8 21 33 18 11 38 2 7 31 27 17 3 5 37 36 
8 21 33 18 11 38 2 7 31 27 17 3 5 37 36 
8 21 33 18 11 38 2 7 31 27 17 3 5 37 36 
8 21 33 18 11 38 2 7 31 27 17 3 5 37 36 
8 21 33 18 11 38 2 7 31 27 17 3 5 37 36 
8 21 33 18 11 38 2 7 31 27 17 3 5 37 36 
8 21 33 18 11 38 2 7 31 27 17 3 5 37 36 
8 21 33 18 11 38 2 7 31 27 17 3 5 37 36 
8 21 33 18 11 38 2 7 31 27 17 3 5 37 36 
8 21 33 18 11 38 2 7 31 27 17 3 5 37 36 
8 21 33 18 11 38 2 7 31 27 17 3 5 37 36 
8 21 33 18 11 38 2 7 31 27 17 3 5 37 36 
8 21 33 18 11 38 2 7 31 27 17 3 5 37 36 
8 21 33 18 11 38 2 7 31 27 17 3 5 37 36 
8 21 33 18 11 38 2 7 31 27 17 3 5 37 36 
8 21 33 18 11 38 2 7 31 27 17 3 5 37 36 
8 21 33 18 11 38 2 7 31 27 17 3 5 37 36 
8 21 33 18 11 38 2 7 31 27 17 3 5 37 36 
8 21 33 18 11 38 2 7 31 27 17 3 5 37 36 
8 21 33 18 11 38 2 7 31 27 17 3 5 37 36 
8 21 33 18 11 38 2 7 31 27 17 3 5 37 36 
8 21 33 18 11 38 2 7 31 27 17 3 5 37 36 
8 21 33 18 11 38 2 7 31 27 17 3 5 37 36 
8 21 33 18 11 38 2 7 31 27 17 3 5 37 36 
8 21 33 18 11 38 2 7 31 27 17 3 5 37 36 
8 21 33 18 11 38 2 7 31 27 17 3 5 37 36 
8 21 33 18 11 38 2 7 31 27 17 3 5 37 36 
8 21 33 18 11 38 2 7 31 27 17 3 5 37 36 
8 21 33 18 11 38 2 7 31 27 17 3 5 37 36 
8 21 33 18 11 38 2 7 31 27 17 3 5 37 36 
8 21 33 18 11 38 2 7 31 27 17 3 5 37 36 
8 21 33 18 11 38 2 7 31 27 17 3 5 37 36 
8 21 33 18 11 38 2 7 31 27 17 3 5 37 36 
8 21 33 18 11 38 2 7 31 27 17 3 5 37 36 
8 21 33 18 11 38 2 7 31 27 17 3 5 37 36 
8 21 33 18 11 38 2 7 31 27 17 3 5 37 36 
8 21 33 18 11 38 2 7 31 27 17 3 5 37 36 
8 21 33 18 11 38 2 7 31 27 17 3 5 37 36 
8 21 33 18 11 38 2 7 31 27 17 3 5 37 36 
8 21 33 18 11 38 2 7 31 27 17 3 5 37 36 
8 21 33 18 11 38 2 7 31 27 17 3 5 37 36 
8 21 33 18 11 38 2 7 31 27 17 3 5 37 36 
8 21 33 18 11 38 2 7 31 27 17 3 5 37 36 
8 21 33 18 11 38 2 7 31 27 17 3 5 37 36 
8 21 33 18 11 38 2 7 31 27 17 3 5 37 36 
8 21 33 18 11 38 2 7 31 27 17 3 5 37 36 
8 21 33 18 11 38 2 7 31 27 17 3 5 37 36 
8 21 33 18 11 38 2 7 31 27 17 3 5 37 36 
8 21 33 18 11 38 2 7 31 27 17 3 5 37 36 
8 21 33 18 11 38 2 7 31 27 17 3 5 37 36 
8 21 33 18 11 38 2 7 31 27 17 3 5 37 36 
8 21 33 18 11 38 2 7 31 27 17 3 5 37 36 
8 21 33 18 11 38 2 7 31 27 17 3 5 37 36 
8 21 33 18 11 38 2 7 31 27 17 3 5 37 36 
8 21 33 18 11 38 2 7 31 27 17 3 5 37 36 
8 21 33 18 11 38 2 7 31 27 17 3 5 37 36 
8 21 33 18 11 38 2 7 31 27 17 3 5 37 36 
8 21 33 18 11 38 2 7 31 27 17 3 5 37 36 
8 21 33 18 11 38 2 7 31 27 17 3 5 37 36 
8 21 33 18 11 38 2 7 31 27 17 3 5 37 36 
8 21 33 18 11 38 2 7 31 27 17 3 5 37 36 
8 21 33 18 11 38 2 7 31 27 17 3 5 37 36 
8 21 33 18 11 38 2 7 31 27 17 3 5 37 36 
8 21 33 18 11 38 2 7 31 27 17 3 5 37 36 
8 21 33 18 11 38 2 7 31 27 17 3 5 37 36 
8 21 33 18 11 38 2 7 31 27 17 3 5 37 36 
8 21 33 18 11 38 2 7 31 27 17 3 5 37 36 
8 21 33 18 11 38 2 7 31 27 17 3 5 37 36 
8 21 33 18 11 38 2 7 31 27 17 3 5 37 36 
8 21 33 18 11 38 2 7 31 27 17 3 5 37 36 
8 21 33 18 11 38 2 7 31 27 17 3 5 37 36 
8 21 33 18 11 38 2 7 31 27 17 3 5 37 36 
8 21 33 18 11 38 2 7 31 27 17 3 5 37 36 
8 21 33 18 11 38 2 7 31 27 17 3 5 37 36 
8 21 33 18 11 38 2 7 31 27 17 3 5 37 36 
8 21 33 18 11 38 2 7 31 27 17 3 5 37 36 
8 21 33 18 11 38 2 7 31 27 17 3 5 37 36 
8 21 33 18 11 38 2 7 31 27 17 3 5 37 36 
8 21 33 18 11 38 2 7 31 27 17 3 5 37 36 
8 21 33 18 11 38 2 7 31 27 17 3 5 37 36 
8 21 33 18 11 38 2 7 31 27 17 3 5 37 36 
8 21 33 18 11 38 2 7 31 27 17 3 5 37 36 
8 21 33 18 11 38 2 7 31 27 17 3 5 37 36 
8 21 33 18 11 38 2 7 31 27 17 3 5 37 36 
8 21 33 18 11 38 2 7 31 27 17 3 5 37 36 
8 21 33 18 11 38 2 7 31 27 17 3 5 37 36 
8 21 33 18 11 38 2 7 31 27 17 3 5 37 36 
8 21 33 18 11 38 2 7 31 27 17 3 5 37 36 
8 21 33 18 11 38 2 7 31 27 17 3 5 37 36 
8 21 33 18 11 38 2 7 31 27 17 3 5 37 36 
8 21 33 18 11 38 2 7 31 27 17 3 5 37 36 
8 21 33 18 11 38 2 7 31 27 17 3 5 37 36 
8 21 33 18 11 38 2 7 31 27 17 3 5 37 36 
8 21 33 18 11 38 2 7 31 27 17 3 5 37 36 
8 21 33 18 11 38 2 7 31 27 17 3 5 37 36 
8 21 33 18 11 38 2 7 31 27 17 3 5 37 36 
8 21 33 18 11 38 2 7 31 27 17 3 5 37 36 
8 21 33 18 11 38 2 7 31 27 17 3 5 37 36 
8 21 33 18 11 38 2 7 31 27 17 3 5 37 36 
8 21 33 18 11 38 2 7 31 27 17 3 5 37 36 
8 21 33 18 11 38 2 7 31 27 17 3 5 37 36 
8 21 33 18 11 38 2 7 31 27 17 3 5 37 36 
8 21 33 18 11 38 2 7 31 27 17 3 5 37 36 
8 21 33 18 11 38 2 7 31 27 17 3 5 37 36 
8 21 33 18 11 38 2 7 31 27 17 3 5 37 36 
8 21 33 18 11 38 2 7 31 27 17 3 5 37 36 
8 21 33 18 11 38 2 7 31 27 17 3 5 37 36 
8 21 33 18 11 38 2 7 31 27 17 3 5 37 36 
8 21 33 18 11 38 2 7 31 27 17 3 5 37 36 
8 21 33 18 11 38 2 7 31 27 17 3 5 37 36 
8 21 33 18 11 38 2 7 31 27 17 3 5 37 36 
8 21 33 18 11 38 2 7 31 27 17 3 5 37 36 
8 21 33 18 11 38 2 7 31 27 17 3 5 37 36 
8 21 33 18 11 38 2 7 31 27 17 3 5 37 36 
8 21 33 18 11 38 2 7 31 27 17 3 5 37 36 
8 21 33 18 11 38 2 7 31 27 17 3 5 37 36 
8 21 33 18 11 38 2 7 31 27 17 3 5 37 36 
8 21 33 18 11 38 2 7 31 27 17 3 5 37 36 
8 21 33 18 11 38 2 7 31 27 17 3 5 37 36 
8 21 33 18 11 38 2 7 31 27 17 3 5 37 36 
8 21 33 18 11 38 2 7 31 27 17 3 5 37 36 
8 21 33 18 11 38 2 7 31 27 17 3 5 37 36 
8 21 33 18 11 38 2 7 31 27 17 3 5 37 36 
8 21 33 18 11 38 2 7 31 27 17 3 5 37 36 
8 21 33 18 11 38 2 7 31 27 17 3 5 37 36 
8 21 33 18 11 38 2 7 31 27 17 3 5 37 36 
8 21 33 18 11 38 2 7 31 27 17 3 5 37 36 
8 21 33 18 11 38 2 7 31 27 17 3 5 37 36 
8 21 33 18 11 38 2 7 31 27 17 3 5 37 36 
8 21 33 18 11 38 2 7 31 27 17 3 5 37 36 
8 21 33 18 11 38 2 7 31 27 17 3 5 37 36 
8 21 33 18 11 38 2 7 31 27 17 3 5 37 36 
8 21 33 18 11 38 2 7 31 27 17 3 5 37 36 
8 21 33 18 11 38 2 7 31 27 17 3 5 37 36 
8 21 33 18 11 38 2 7 31 27 17 3 5 37 36 
8 21 33 18 11 38 2 7 31 27 17 3 5 37 36 
8 21 33 18 11 38 2 7 31 27 17 3 5 37 36 
8 21 33 18 11 38 2 7 31 27 17 3 5 37 36 
8 21 33 18 11 38 2 7 31 27 17 3 5 37 36 
8 21 33 18 11 38 2 7 31 27 17 3 5 37 36 
8 21 33 18 11 38 2 7 31 27 17 3 5 37 36 
8 21 33 18 11 38 2 7 31 27 17 3 5 37 36 
8 21 33 18 11 38 2 7 31 27 17 3 5 37 36 
8 21 33 18 11 38 2 7 31 27 17 3 5 37 36 
8 21 33 18 11 38 2 7 31 27 17 3 5 37 36 
8 21 33 18 11 38 2 7 31 27 17 3 5 37 36 
8 21 33 18 11 38 2 7 31 27 17 3 5 37 36 
8 21 33 18 11 38 2 7 31 27 17 3 5 37 36 
8 21 33 18 11 38 2 7 31 27 17 3 5 37 36 
8 21 33 18 11 38 2 7 31 27 17 3 5 37 36 
8 21 33 18 11 38 2 7 31 27 17 3 5 37 36 
8 21 33 18 11 38 2 7 31 27 17 3 5 37 36 
8 21 33 18 11 38 2 7 31 27 17 3 5 37 36 
8 21 33 18 11 38 2 7 31 27 17 3 5 37 36 
8 21 33 18 11 38 2 7 31 27 17 3 5 37 36 
8 21 33 18 11 38 2 7 31 27 17 3 5 37 36 
8 21 33 18 11 38 2 7 31 27 17 3 5 37 36 
8 21 33 18 11 38 2 7 31 27 17 3 5 37 36 
8 21 33 18 11 38 2 7 31 27 17 3 5 37 36 
8 21 33 18 11 38 2 7 31 27 17 3 5 37 36 
8 21 33 18 11 38 2 7 31 27 17 3 5 37 36 
8 21 33 18 11 38 2 7 31 27 17 3 5 37 36 
8 21 33 18 11 38 2 7 31 27 17 3 5 37 36 
8 21 33 18 11 38 2 7 31 27 17 3 5 37 36 
8 21 33 18 11 38 2 7 31 27 17 3 5 37 36 
8 21 33 18 11 38 2 7 31 27 17 3 5 37 36 
8 21 33 18 11 38 2 7 31 27 17 3 5 37 36 
8 21 33 18 11 38 2 7 31 27 17 3 5 37 36 
8 21 33 18 11 38 2 7 31 27 17 3 5 37 36 
8 21 33 18 11 38 2 7 31 27 17 3 5 37 36 
8 21 33 18 11 38 2 7 31 27 17 3 5 37 36 
8 21 33 18 11 38 2 7 31 27 17 3 5 37 36 
8 21 33 18 11 38 2 7 31 27 17 3 5 37 36 
8 21 33 18 11 38 2 7 31 27 17 3 5 37 36 
8 21 33 18 11 38 2 7 31 27 17 3 5 37 36 
8 21 33 18 11 38 2 7 31 27 17 3 5 37 36 
8 21 33 18 11 38 2 7 31 27 17 3 5 37 36 
8 21 33 18 11 38 2 7 31 27 17 3 5 37 36 
8 21 33 18 11 38 2 7 31 27 17 3 5 37 36 
8 21 33 18 11 38 2 7 31 27 17 3 5 37 36 
8 21 33 18 11 38 2 7 31 27 17 3 5 37 36 
8 21 33 18 11 38 2 7 31 27 17 3 5 37 36 
8 21 33 18 11 38 2 7 31 27 17 3 5 37 36 
8 21 33 18 11 38 2 7 31 27 17 3 5 37 36 
8 21 33 18 11 38 2 7 31 27 17 3 5 37 36 
8 21 33 18 11 38 2 7 31 27 17 3 5 37 36 
8 21 33 18 11 38 2 7 31 27 17 3 5 37 36 
8 21 33 18 11 38 2 7 31 27 17 3 5 37 36 
8 21 33 18 11 38 2 7 31 27 17 3 5 37 36 
8 21 33 18 11 38 2 7 31 27 17 3 5 37 36 
8 21 33 18 11 38 2 7 31 27 17 3 5 37 36 
8 21 33 18 11 38 2 7 31 27 17 3 5 37 36 
8 21 33 18 11 38 2 7 31 27 17 3 5 37 36 
8 21 33 18 11 38 2 7 31 27 17 3 5 37 36 
8 21 33 18 11 38 2 7 31 27 17 3 5 37 36 
8 21 33 18 11 38 2 7 31 27 17 3 5 37 36 
8 21 33 18 11 38 2 7 31 27 17 3 5 37 36 
8 21 33 18 11 38 2 7 31 27 17 3 5 37 36 
8 21 33 18 11 38 2 7 31 27 17 3 5 37 36 
8 21 33 18 11 38 2 7 31 27 17 3 5 37 36 
8 21 33 18 11 38 2 7 31 27 17 3 5 37 36 
8 21 33 18 11 38 2 7 31 27 17 3 5 37 36 
8 21 33 18 11 38 2 7 31 27 17 3 5 37 36 
8 21 33 18 11 38 2 7 31 27 17 3 5 37 36 
8 21 33 18 11 38 2 7 31 27 17 3 5 37 36 
8 21 33 18 11 38 2 7 31 27 17 3 5 37 36 
8 21 33 18 11 38 2 7 31 27 17 3 5 37 36 
8 21 33 18 11 38 2 7 31 27 17 3 5 37 36 
8 21 33 18 11 38 2 7 31 27 17 3 5 37 36 
8 21 33 18 11 38 2 7 31 27 17 3 5 37 36 
8 21 33 18 11 38 2 7 31 27 17 3 5 37 36 
8 21 33 18 11 38 2 7 31 27 17 3 5 37 36 
8 21 33 18 11 38 2 7 31 27 17 3 5 37 36 
8 21 33 18 11 38 2 7 31 27 17 3 5 37 36 
8 21 33 18 11 38 2 7 31 27 17 3 5 37 36 
8 21 33 18 11 38 2 7 31 27 17 3 5 37 36 
8 21 33 18 11 38 2 7 31 27 17 3 5 37 36 
8 21 33 18 11 38 2 7 31 27 17 3 5 37 36 
8 21 33 18 11 38 2 7 31 27 17 3 5 37 36 
8 21 33 18 11 38 2 7 31 10 17 3 5 37 36 
8 21 33 18 11 38 2 7 31 10 17 3 5 37 36 
8 21 33 18 11 38 2 7 31 10 17 3 5 37 36 
8 21 33 18 11 38 2 7 31 10 17 3 5 37 36 
8 21 33 18 11 38 2 7 31 10 17 3 5 37 36 
8 21 33 18 11 38 2 7 31 10 17 3 5 37 36 
8 21 33 18 11 38 2 7 31 10 17 3 5 37 36 
8 21 33 18 11 38 2 7 31 10 17 3 5 37 36 
8 21 33 18 11 38 2 7 31 10 17 3 5 37 36 
8 21 33 18 11 38 2 7 31 10 17 3 5 37 36 
8 21 33 18 11 38 2 7 31 10 17 3 5 37 36 
8 21 33 18 11 38 2 7 31 10 17 3 5 37 36 
8 21 33 18 11 38 2 7 31 10 17 3 5 37 36 
8 21 33 18 11 38 2 7 31 10 17 3 5 37 36 
8 21 33 18 11 38 2 7 31 10 17 3 5 37 36 
8 21 33 18 11 38 2 7 31 10 17 3 5 37 36 
8 21 33 18 11 38 2 7 31 10 17 3 5 37 36 
8 21 33 18 11 38 2 7 31 10 17 3 5 37 36 
8 21 33 18 11 38 2 7 31 10 17 3 5 37 36 
8 21 33 18 11 38 2 7 31 10 17 3 5 37 36 
8 21 33 18 11 38 2 7 31 10 17 3 5 37 36 
8 21 33 18 11 38 2 7 31 10 17 3 5 37 36 
8 21 33 18 11 38 2 7 31 10 17 3 5 37 36 
8 21 33 18 11 38 2 7 31 10 17 3 5 37 36 
8 21 33 18 11 38 2 7 31 10 17 3 5 37 36 
8 21 33 18 11 38 2 7 31 10 17 3 5 37 36 
8 21 33 18 11 38 2 7 31 10 17 3 5 37 36 
8 21 33 18 11 38 2 7 31 10 17 3 5 37 36 
8 21 33 18 11 38 2 7 31 10 17 3 5 37 36 
8 21 33 18 11 38 2 7 31 10 28 3 5 37 36 
8 21 33 18 11 38 2 7 31 10 28 3 5 37 36 
8 21 33 18 11 38 2 7 31 10 28 3 5 37 36 
8 21 33 18 11 38 2 7 31 10 28 3 5 37 36 
8 21 33 18 11 38 2 7 31 10 28 3 5 37 36 
8 21 33 18 11 38 2 7 31 10 28 3 5 37 36 
8 21 33 18 11 38 2 7 31 10 28 3 5 37 36 
8 21 33 18 11 38 2 7 31 10 28 3 5 37 36 
8 21 33 18 11 38 2 7 31 10 28 3 5 37 36 
8 21 33 18 11 38 2 7 31 10 28 3 5 37 36 
8 21 33 18 11 38 2 7 31 10 28 3 5 37 36 
8 21 33 18 11 38 2 7 31 10 28 3 5 37 36 
8 21 33 18 11 38 2 7 31 10 28 3 5 37 36 
8 21 33 18 11 38 2 7 31 10 28 3 5 37 36 
8 21 33 18 11 38 2 7 31 10 28 3 5 37 36 
8 21 33 18 11 38 2 7 31 10 28 3 5 37 36 
8 21 33 18 11 38 2 7 31 10 28 3 5 37 36 
8 21 33 18 11 38 2 7 31 10 28 3 5 37 36 
8 21 33 18 11 38 2 7 31 10 28 3 5 37 36 
8 21 33 18 11 38 2 7 31 10 28 3 5 37 36 
8 21 33 18 11 38 2 7 31 10 28 3 5 37 36 
8 21 33 18 11 38 2 7 31 10 28 3 5 37 36 
8 21 33 18 11 38 2 7 31 10 28 3 5 37 36 
8 21 33 18 11 38 2 7 31 10 28 3 5 37 36 
8 21 33 18 11 38 2 7 31 10 28 3 5 37 36 
8 21 33 18 11 38 2 7 31 10 28 3 5 37 36 
8 21 33 18 11 38 2 7 31 10 28 3 5 37 36 
8 21 33 18 11 38 2 7 31 10 28 3 5 37 36 
8 21 33 18 11 38 2 7 31 10 28 3 5 37 36 
8 21 33 18 11 38 2 7 31 10 28 3 5 37 36 
8 21 33 18 11 38 2 7 31 10 28 3 5 37 36 
8 21 33 18 11 38 2 7 31 10 28 3 5 37 36 
8 21 33 18 11 38 2 7 31 10 28 3 5 37 36 
8 21 33 18 11 38 2 7 31 10 28 3 5 37 36 
8 21 33 18 11 38 2 7 31 10 28 3 5 37 36 
8 21 33 18 11 38 2 7 31 10 28 3 5 37 36 
8 21 33 18 11 38 2 7 31 10 28 3 5 37 36 
8 21 33 18 11 38 2 7 31 10 28 3 5 37 36 
8 21 33 18 11 38 2 7 31 10 28 3 5 37 36 
8 21 33 18 11 38 2 7 31 10 28 3 5 37 36 
8 21 33 18 11 38 2 7 31 10 28 3 5 37 36 
8 21 33 18 11 38 2 7 31 10 28 3 5 37 36 
8 21 33 18 11 38 2 7 31 10 28 3 5 37 36 
8 21 33 18 11 38 2 7 31 10 28 3 5 37 36 
8 21 33 18 11 38 2 7 31 10 28 3 5 37 36 
8 21 33 18 11 38 2 7 31 10 28 3 5 37 36 
8 21 33 18 11 38 2 7 31 10 28 3 5 37 36 
8 21 33 18 11 38 2 7 31 10 28 3 5 37 36 
8 21 33 18 11 38 2 7 31 10 28 3 5 37 36 
8 21 33 18 11 38 2 7 31 10 28 3 5 37 36 
8 21 33 18 11 38 2 7 31 10 28 3 5 37 36 
8 21 33 18 11 38 2 7 31 10 28 3 5 37 36 
8 21 33 18 11 38 2 7 31 10 28 3 5 37 36 
8 21 33 18 11 38 2 7 31 10 28 3 5 37 36 
8 21 33 18 11 38 2 7 31 10 28 3 5 37 36 
8 21 17 18 11 38 2 7 31 10 28 3 5 37 36 
8 21 17 18 11 38 2 7 31 10 28 3 5 37 36 
8 21 17 18 11 38 2 7 31 10 28 3 5 37 36 
8 21 17 18 11 38 2 7 31 10 28 3 5 37 36 
8 21 17 18 11 38 2 7 31 10 28 3 5 37 36 
8 21 17 18 11 38 2 7 31 10 28 3 5 37 36 
8 21 17 18 11 38 2 7 31 10 28 3 5 37 36 
8 21 17 18 11 38 2 7 31 10 28 3 5 37 36 
8 21 17 18 11 38 2 7 31 10 28 3 5 37 36 
8 21 17 18 11 38 2 7 31 10 28 3 5 37 36 
8 21 17 18 11 38 2 7 31 10 28 3 5 37 36 
8 21 17 18 11 38 2 7 31 10 28 3 5 37 36 
8 21 17 18 11 38 2 7 31 10 28 3 5 37 36 
8 21 17 18 11 38 2 7 31 10 28 3 5 37 36 
8 21 17 18 11 38 2 7 31 10 28 3 5 37 36 
8 21 17 18 11 38 2 7 31 10 28 3 5 37 36 
8 21 17 18 11 38 2 7 31 10 28 3 5 37 36 
8 21 17 18 11 38 2 7 31 10 28 3 5 37 36 
8 21 17 18 11 38 2 7 31 10 28 3 5 37 36 
8 21 17 18 11 38 2 7 31 10 28 3 5 37 36 
8 21 17 18 11 38 2 7 31 10 28 3 5 37 36 
8 21 17 18 11 38 2 7 31 10 28 3 5 37 36 
8 21 17 18 11 38 2 7 31 10 28 3 5 37 36 
8 21 17 18 11 38 2 7 31 10 28 3 5 37 36 
8 21 17 18 11 38 2 7 31 10 28 3 5 37 36 
8 21 17 18 11 38 2 7 31 10 28 3 5 37 36 
8 21 17 18 11 38 2 7 31 10 28 3 5 37 36 
8 21 17 18 11 38 2 7 31 10 28 3 5 37 36 
8 21 17 18 11 38 2 7 31 10 28 3 5 37 36 
8 21 17 18 11 38 2 7 31 10 28 3 5 37 36 
8 21 17 18 11 38 2 7 31 10 28 3 5 37 36 
8 21 17 18 11 38 2 7 31 10 28 3 5 37 36 
8 21 17 18 11 38 2 7 31 10 28 3 5 37 36 
8 21 17 18 11 38 2 7 31 10 28 3 5 37 36 
8 21 17 18 11 38 2 7 31 10 28 3 5 37 36 
8 21 17 18 11 38 2 7 31 10 28 3 5 37 36 
8 21 17 18 11 38 2 7 31 10 28 3 5 37 36 
8 21 17 18 11 38 2 7 31 10 28 3 5 37 36 
8 21 17 18 11 38 2 7 31 10 28 3 5 37 36 
8 21 17 18 11 38 2 7 31 10 28 3 5 37 36 
8 21 17 18 11 38 2 7 31 10 28 3 5 37 36 
8 21 17 18 11 38 2 7 31 10 28 3 5 37 36 
8 21 17 18 11 38 2 7 31 10 28 3 5 37 36 
8 21 17 18 11 38 2 7 31 10 28 3 5 37 36 
8 21 17 18 11 38 2 7 31 10 28 3 5 37 36 
8 21 17 18 11 38 2 7 31 10 28 3 5 37 36 
8 21 17 18 11 38 2 7 31 10 28 3 5 37 36 
8 21 17 18 11 38 2 7 31 10 28 3 5 37 36 
8 21 17 18 11 38 2 7 31 10 28 3 5 37 36 
8 21 17 18 11 38 2 7 31 10 28 3 5 37 36 
8 21 17 18 11 38 2 7 31 10 28 3 5 37 36 
8 21 17 18 11 38 2 7 31 10 28 3 5 37 36 
8 21 17 18 11 38 2 7 31 10 28 3 5 37 36 
8 21 17 18 11 38 2 7 31 10 28 3 5 37 36 
8 21 17 18 11 38 2 7 31 10 28 3 5 37 36 
8 21 17 18 11 38 2 7 31 10 28 3 5 37 36 
8 21 17 18 11 38 2 7 31 10 28 3 5 37 36 
8 21 17 18 11 38 2 7 31 10 28 3 5 37 36 
8 21 17 18 11 38 2 7 31 10 28 3 5 37 36 
8 21 17 18 11 38 2 7 31 10 28 3 5 37 36 
8 21 17 18 11 38 2 7 31 10 28 3 5 37 36 
8 21 17 18 11 38 2 7 31 10 28 3 5 37 36 
8 21 17 18 11 38 2 7 31 10 28 3 5 37 36 
8 21 17 18 11 38 2 7 31 10 28 3 5 37 36 
8 21 17 18 11 38 2 7 31 10 28 3 5 37 36 
8 21 17 18 11 38 2 7 31 10 28 3 5 37 36 
8 21 17 18 11 38 2 7 31 10 28 3 5 37 36 
8 21 17 18 11 38 2 7 31 10 28 3 5 37 36 
8 21 17 18 11 38 2 7 31 10 28 3 5 37 36 
8 21 17 18 11 38 2 7 31 10 28 3 5 37 36 
8 21 17 18 11 38 2 7 31 10 28 3 5 37 36 
8 21 17 18 11 38 2 7 31 10 28 3 5 37 36 
8 21 17 18 11 38 2 7 31 10 28 3 5 37 36 
8 21 17 18 11 38 2 7 31 10 28 3 5 37 36 
8 21 17 18 11 38 2 7 31 10 28 3 5 37 36 
8 21 17 18 11 38 2 7 31 10 28 3 5 37 36 
8 21 17 18 11 38 2 7 31 10 28 3 5 37 36 
8 21 17 18 11 38 2 7 31 10 28 3 5 37 36 
8 21 17 18 11 38 2 7 31 10 28 3 5 37 36 
8 21 17 18 11 38 2 7 31 10 28 3 5 37 36 
8 21 17 18 11 38 2 7 31 10 28 3 5 37 36 
8 21 17 18 11 38 2 7 31 10 28 3 5 37 36 
8 21 17 18 11 38 2 7 31 10 28 3 5 37 36 
8 21 17 18 11 38 2 7 31 10 28 3 5 37 36 
8 21 17 18 11 38 2 7 31 10 28 3 5 37 36 
8 21 17 18 11 38 2 7 31 10 28 3 5 37 36 
8 21 17 18 11 38 2 7 31 10 28 3 5 37 36 
8 21 17 18 11 38 2 7 31 10 28 3 5 37 36 
8 21 17 18 11 38 2 7 31 10 28 3 5 37 36 
8 21 17 18 11 38 2 7 31 10 28 3 5 37 36 
8 21 17 18 11 38 2 7 31 10 28 3 5 37 36 
8 21 17 18 11 38 2 7 31 10 28 3 5 37 36 
8 21 17 18 11 38 2 7 31 10 28 3 5 37 36 
8 21 17 18 11 38 2 7 31 10 28 3 5 37 36 
8 21 17 18 11 38 2 7 31 10 28 3 5 37 36 
8 21 17 18 11 38 2 7 31 10 28 3 5 37 36 
8 21 17 18 11 38 2 7 31 10 28 3 5 37 36 
8 21 17 18 11 38 2 7 31 10 28 3 5 37 36 
8 21 17 18 11 38 2 7 31 10 28 3 5 37 36 
8 21 17 18 11 38 2 7 31 10 28 3 5 37 36 
8 21 17 18 11 38 2 7 31 10 28 3 5 37 36 
8 21 17 18 11 38 2 7 31 10 28 3 5 37 36 
8 21 17 18 11 38 2 7 31 10 28 3 5 37 36 
8 21 17 18 11 38 2 7 31 10 28 3 5 37 36 
8 21 17 18 11 38 2 7 31 10 28 3 5 37 36 
8 21 17 18 11 38 2 7 31 10 28 3 5 37 36 
8 21 17 18 11 38 2 7 31 10 28 3 5 37 36 
8 21 17 18 11 38 2 7 31 10 28 3 5 37 36 
8 21 17 18 11 38 2 7 31 10 28 3 5 37 36 
8 21 17 18 11 38 2 7 31 10 28 3 5 37 36 
8 21 17 18 11 38 2 7 31 10 28 3 5 37 36 
8 21 17 18 11 38 2 7 31 10 28 3 5 37 36 
8 21 17 18 11 38 2 7 31 10 28 3 5 37 36 
8 21 17 18 11 38 2 7 31 10 28 3 5 37 36 
8 21 17 18 11 38 2 7 31 10 28 3 5 37 36 
8 21 17 18 11 38 2 7 31 10 28 3 5 37 36 
8 21 17 18 11 38 2 7 31 10 28 3 5 37 36 
8 21 17 18 11 38 2 7 31 10 28 3 5 37 36 
8 21 17 18 11 38 2 7 31 10 28 3 5 37 36 
8 21 17 18 11 38 2 7 31 10 28 3 5 37 36 
8 21 17 18 11 38 2 7 31 10 28 3 5 37 36 
8 21 17 18 11 38 2 7 31 10 28 3 5 37 36 
8 21 17 18 11 38 2 7 31 10 28 3 5 37 36 
8 21 17 18 11 38 2 7 31 10 28 3 5 37 36 
8 21 17 18 11 38 2 7 31 10 28 3 5 37 36 
8 21 17 18 11 38 2 7 31 10 28 3 5 37 36 
8 21 17 18 11 38 2 7 31 10 28 3 5 37 36 
8 21 17 18 11 38 2 7 31 10 28 3 5 37 36 
8 21 17 18 11 38 2 7 31 10 28 3 5 37 36 
8 21 17 18 11 38 2 7 31 10 28 3 5 37 36 
8 21 17 18 11 38 2 7 31 10 28 3 5 37 36 
8 21 17 18 11 38 2 7 31 10 28 3 5 37 36 
8 21 17 18 11 38 2 7 31 10 28 3 5 37 36 
8 21 17 18 11 38 2 7 31 10 28 3 5 37 36 
8 21 17 18 11 38 2 7 31 10 28 3 5 37 36 
8 21 17 18 11 38 2 7 31 10 28 3 5 37 36 
8 21 17 18 11 38 2 7 31 10 28 3 5 37 36 
8 21 17 18 11 38 2 7 31 10 28 3 5 37 36 
8 21 17 18 11 38 2 7 31 10 28 3 5 37 36 
8 21 17 18 11 38 2 7 31 10 28 3 5 37 36 
8 21 17 18 11 38 2 7 31 10 28 3 5 37 36 
8 21 17 18 11 38 2 7 31 10 28 3 5 37 36 
8 21 17 18 11 38 2 7 31 10 28 3 5 37 36 
8 21 17 18 11 38 2 7 31 10 28 3 5 37 36 
8 21 17 18 11 38 2 7 31 10 28 3 5 37 36 
8 21 17 18 11 38 2 7 31 10 28 3 5 37 36 
8 21 17 18 11 38 2 7 31 10 28 3 5 37 36 
8 21 17 18 11 38 2 7 31 10 28 3 5 37 36 
8 21 17 18 11 38 2 7 31 10 28 3 5 37 36 
8 21 17 18 11 38 2 7 31 10 28 3 5 37 36 
8 21 17 18 11 38 2 7 31 10 28 3 5 37 36 
8 21 17 18 11 38 2 7 31 10 28 3 5 37 36 
8 21 17 18 11 38 2 7 31 10 28 3 5 37 36 
8 21 17 18 11 38 2 7 31 10 28 3 5 37 36 
8 21 17 18 11 38 2 7 31 10 28 3 5 37 36 
8 21 17 18 11 38 2 7 31 10 28 3 5 37 36 
8 21 17 18 11 38 2 7 31 10 28 3 5 37 36 
8 21 17 18 11 38 2 7 31 10 28 3 5 37 36 
8 21 17 18 11 38 2 7 31 10 28 3 5 37 36 
8 21 17 18 11 38 2 7 31 10 28 3 5 37 36 
8 21 17 18 11 38 2 7 31 10 28 3 5 37 36 
8 21 17 18 11 38 2 7 31 10 28 3 5 37 36 
8 21 17 18 11 38 2 7 31 10 28 3 5 37 36 
8 21 17 18 11 38 2 7 31 10 28 3 5 37 36 
8 21 17 18 11 38 2 7 31 10 28 3 5 37 36 
8 21 17 18 11 38 2 7 31 10 28 3 5 37 36 
8 21 17 18 11 38 2 7 31 10 28 3 5 37 36 
8 21 17 18 11 38 2 7 31 10 28 3 5 37 36 
8 21 17 18 11 38 2 7 31 10 28 3 5 37 36 
8 21 17 18 11 38 2 7 31 10 28 3 5 37 36 
8 21 17 18 11 38 2 7 31 10 28 3 5 37 36 
8 21 17 18 11 38 2 7 31 10 28 3 5 37 36 
8 21 17 18 11 38 2 7 31 10 28 3 5 37 36 
8 21 17 18 11 38 2 7 31 10 28 3 5 37 36 
8 21 17 18 11 38 2 7 31 10 28 3 5 37 36 
8 21 17 18 11 38 2 7 31 10 28 3 5 37 36 
8 21 17 18 11 38 2 7 31 10 28 3 5 37 36 
8 21 17 18 11 38 2 7 31 10 28 3 5 37 36 
8 21 17 18 11 38 2 7 31 10 28 3 5 37 36 
8 21 17 18 11 38 2 7 31 10 28 3 5 37 36 
8 21 17 18 11 38 2 7 31 10 28 3 5 37 36 
8 21 17 18 11 38 2 7 31 10 28 3 5 37 36 
8 21 17 18 11 38 2 7 31 10 28 3 5 37 36 
8 21 17 18 11 38 2 7 31 10 28 3 5 37 36 
8 21 17 18 11 38 2 7 31 10 28 3 5 37 36 
8 21 17 18 11 38 2 7 31 10 28 3 5 37 36 
8 21 17 18 11 38 2 7 31 10 28 3 5 37 36 
8 21 17 18 11 38 2 7 31 10 28 3 5 37 36 
8 21 17 18 11 38 2 7 31 10 28 3 5 37 36 
8 21 17 18 11 38 2 7 31 10 28 3 5 37 36 
8 21 17 18 11 38 2 7 31 10 28 3 5 37 36 
8 21 17 18 11 38 2 7 31 10 28 3 5 37 36 
8 21 17 18 11 38 2 7 31 10 28 3 5 37 36 
8 21 17 18 11 38 2 7 31 10 28 3 5 37 36 
8 21 17 18 11 38 2 7 31 10 28 3 5 37 36 
8 21 17 18 11 38 2 7 31 10 28 3 5 37 36 
8 21 17 18 11 38 2 7 31 10 28 3 5 37 36 
8 21 17 18 11 38 2 7 31 10 28 3 5 37 36 
8 21 17 18 11 38 2 7 31 10 28 3 5 37 36 
8 21 17 18 11 38 2 7 31 10 28 3 5 37 36 
8 21 17 18 11 38 2 7 31 10 28 3 5 37 36 
8 21 17 18 11 38 2 7 31 10 28 3 5 37 36 
8 21 17 18 11 38 2 7 31 10 28 3 5 37 36 
8 21 17 18 11 38 2 7 31 10 28 3 5 37 36 
8 21 17 18 11 38 2 7 31 10 28 3 5 37 36 
8 21 17 18 11 38 2 7 31 10 28 3 5 37 36 
8 21 17 18 11 38 2 7 31 10 28 3 5 37 36 
8 21 17 18 11 38 2 7 31 10 28 3 5 37 36 
8 21 17 18 11 38 2 7 31 10 28 3 5 37 36 
8 21 17 18 11 38 2 7 31 10 28 3 5 37 36 
8 21 17 18 11 38 2 7 31 10 28 3 5 37 36 
8 21 17 18 11 38 2 7 31 10 28 3 5 37 36 
8 21 17 18 11 38 2 7 31 10 28 3 5 37 36 
8 21 17 18 11 38 2 7 31 10 28 3 5 37 36 
8 21 17 18 11 38 2 7 31 10 28 3 5 37 36 
8 21 17 18 11 38 2 7 31 10 28 3 5 37 36 
8 21 17 18 11 38 2 7 31 10 28 3 5 37 36 
8 21 17 18 11 38 2 7 31 10 28 3 5 37 36 
8 21 17 18 11 38 2 7 31 10 28 3 5 37 36 
8 21 17 18 11 38 2 7 31 10 28 3 5 37 36 
8 21 17 18 11 38 2 7 31 10 28 3 5 37 36 
8 21 17 18 11 38 2 7 31 10 28 3 5 37 36 
8 21 17 18 11 38 2 7 31 10 28 3 5 37 36 
8 21 17 18 11 38 2 7 31 10 28 3 5 37 36 
8 21 17 18 11 38 2 7 31 10 28 3 5 37 36 
8 21 17 18 11 38 2 7 31 10 28 3 5 37 36 
8 21 17 18 11 38 2 7 31 10 28 3 5 37 36 
8 21 17 18 11 38 2 7 31 10 28 3 5 37 36 
8 21 17 18 11 38 2 7 31 10 28 3 5 37 36 
8 21 17 18 11 38 2 7 31 10 28 3 5 37 36 
8 21 17 18 11 38 2 7 31 10 28 3 5 37 36 
8 21 17 18 11 38 2 7 31 10 28 3 5 37 36 
8 21 17 18 11 38 2 7 31 10 28 3 5 37 36 
8 21 17 18 11 38 2 7 31 10 28 3 5 37 36 
8 21 17 18 11 38 2 7 31 10 28 3 5 37 36 
8 21 17 18 11 38 2 7 31 10 28 3 5 37 36 
8 21 17 18 11 38 2 7 31 10 28 3 5 37 36 
8 21 17 18 11 38 2 7 31 10 28 3 5 37 36 
8 21 17 18 11 38 2 7 31 10 28 3 5 37 36 
8 21 17 18 11 38 2 7 31 10 28 3 5 37 36 
8 21 17 18 11 38 2 7 31 10 28 3 5 37 36 
8 21 17 18 11 38 2 7 31 10 28 3 5 37 36 
8 21 17 18 11 38 2 7 31 10 28 3 5 37 36 
8 21 17 18 11 38 2 7 31 10 28 3 5 37 36 
8 21 17 18 11 38 2 7 31 10 28 3 5 37 36 
8 21 17 18 11 38 2 7 31 10 28 3 5 37 36 
8 21 17 18 11 38 2 7 31 10 28 3 5 37 36 
8 21 17 18 11 38 2 7 31 10 28 3 5 37 36 
8 21 17 18 11 38 2 7 31 10 28 3 5 37 36 
8 21 17 18 11 38 2 7 31 10 28 3 5 37 36 
8 21 17 18 11 38 2 7 31 10 28 3 5 37 36 
8 21 17 18 11 38 2 7 31 10 28 3 5 37 36 
8 21 17 18 11 38 2 7 31 10 28 3 5 37 36 
8 21 17 18 11 38 2 7 31 10 28 3 5 37 36 
8 21 17 18 11 38 2 7 31 10 28 3 5 37 36 
8 21 17 18 11 38 2 7 31 10 28 3 5 37 36 
8 21 17 18 11 38 2 7 31 10 28 3 5 37 36 
8 21 17 18 11 38 2 7 31 10 28 3 5 37 36 
8 21 17 18 11 38 2 7 31 10 28 3 5 37 36 
8 21 17 18 11 38 2 7 31 10 28 3 5 37 36 
8 21 17 18 11 38 2 7 31 10 28 3 5 37 36 
8 21 17 18 11 38 2 7 31 10 28 3 5 37 36 
8 21 17 18 11 38 2 7 31 10 28 3 5 37 36 
8 21 17 18 11 38 2 7 31 10 28 3 5 37 36 
8 21 17 18 11 38 2 7 31 10 28 3 5 37 36 
8 21 17 18 11 38 2 7 31 10 28 3 5 37 36 
8 21 17 18 11 38 2 7 31 10 28 3 5 37 36 
8 21 17 18 11 38 2 7 31 10 28 3 5 37 36 
8 21 17 18 11 38 2 7 31 10 28 3 5 37 36 
8 21 17 18 11 38 2 7 31 10 28 3 5 37 36 
8 21 17 18 11 38 2 7 31 10 28 3 5 37 36 
8 21 17 18 11 38 2 7 31 10 28 3 5 37 36 
8 21 17 18 11 38 2 7 31 10 28 3 5 37 36 
8 21 17 18 11 38 2 7 31 10 28 3 5 37 36 
8 21 17 18 11 38 2 7 31 10 28 3 5 37 36 
8 21 17 18 11 38 2 7 31 10 28 3 5 37 36 
8 21 17 18 11 38 2 7 31 10 28 3 5 37 36 
8 21 17 18 11 38 2 7 31 10 28 3 5 37 36 
8 21 17 18 11 38 2 7 31 10 28 3 5 37 36 
8 21 17 18 11 38 2 7 31 10 28 3 5 37 36 
8 21 17 18 11 38 2 7 31 10 28 3 5 37 36 
8 21 17 18 11 38 2 7 31 10 28 3 5 37 36 
8 21 17 18 11 38 2 7 31 10 28 3 5 37 36 
8 21 17 18 11 38 2 7 31 10 28 3 5 37 36 
8 21 17 18 11 38 2 7 31 10 28 3 5 37 36 
8 21 17 18 11 38 2 7 31 10 28 3 5 37 36 
8 21 17 18 11 38 2 7 31 10 28 3 5 37 36 
8 21 17 18 11 38 2 7 31 10 28 3 5 37 36 
8 21 17 18 11 38 2 7 31 10 28 3 5 37 36 
8 21 17 18 11 38 2 7 31 10 28 3 5 37 36 
8 21 17 18 11 38 2 7 31 10 28 3 5 37 36 
8 21 17 18 11 38 2 7 31 10 28 3 5 37 36 
8 21 17 18 11 38 2 7 31 10 28 3 5 37 36 
8 21 17 18 11 38 2 7 31 10 28 3 5 37 36 
8 21 17 18 11 38 2 7 31 10 28 3 5 37 36 
8 21 17 18 11 38 2 7 31 10 28 3 5 37 36 
8 21 17 18 11 38 2 7 31 10 28 3 5 37 36 
8 21 17 18 11 38 2 7 31 10 28 3 5 37 36 
8 21 17 18 11 38 2 7 31 10 28 3 5 37 36 
8 21 17 18 11 38 2 7 31 10 28 3 5 37 36 
8 21 17 18 11 38 2 7 31 10 28 3 5 37 36 
8 21 17 18 11 38 2 7 31 10 28 3 5 37 36 
8 21 17 18 11 38 2 7 31 10 28 3 5 37 36 
8 21 17 18 11 38 2 7 31 10 28 3 5 37 36 
8 21 17 18 11 38 2 7 31 10 28 3 5 37 36 
8 21 17 18 11 38 2 7 31 10 28 3 5 37 36 
8 21 17 18 11 38 2 7 31 10 28 3 5 37 36 
8 21 17 18 11 38 2 7 31 10 28 3 5 37 36 
8 21 17 18 11 38 2 7 31 10 28 3 5 37 36 
8 21 17 18 11 38 2 7 31 10 28 3 5 37 36 
8 21 17 18 11 38 2 7 31 10 28 3 5 37 36 
8 21 17 18 11 38 2 7 31 10 28 3 5 37 36 
8 21 17 18 11 38 2 7 31 10 28 3 5 37 36 
8 21 17 18 11 38 2 7 31 10 28 3 5 37 36 
8 21 17 18 11 38 2 7 31 10 28 3 5 37 36 
8 21 17 18 11 38 2 7 31 10 28 3 5 37 36 
8 21 17 18 11 38 2 7 31 10 28 3 5 37 36 
8 21 17 18 11 38 2 7 31 10 28 3 5 37 36 
8 21 17 18 11 38 2 7 31 10 28 3 5 37 36 
8 21 17 18 11 38 2 7 31 10 28 3 5 37 36 
8 21 17 18 11 38 2 7 31 10 28 3 5 37 36 
8 21 17 18 11 38 2 7 31 10 28 3 5 37 36 
8 21 17 18 11 38 2 7 31 10 28 3 5 37 36 
8 21 17 18 11 38 2 7 31 10 28 3 5 37 36 
8 21 17 18 11 38 2 7 31 10 28 3 5 37 36 
8 21 17 18 11 38 2 7 31 10 28 3 5 37 36 
8 21 17 18 11 38 2 7 31 10 28 3 5 37 36 
8 21 17 18 11 38 2 7 31 10 28 3 5 37 36 
8 21 17 18 11 38 2 7 31 10 28 3 5 37 36 
8 21 17 18 11 38 2 7 31 10 28 3 5 37 36 
8 21 17 18 11 38 2 7 31 10 28 3 5 37 36 
8 21 17 18 11 38 2 7 31 10 28 3 5 37 36 
8 21 17 18 11 38 2 7 31 10 28 3 5 37 36 
8 21 17 18 11 38 2 7 31 10 28 3 5 37 36 
8 21 17 18 11 38 2 7 31 10 28 3 5 37 36 
8 21 17 18 11 38 2 7 31 10 28 3 5 37 36 
8 21 17 18 11 38 2 7 31 10 28 3 5 37 36 
8 21 17 18 11 38 2 7 31 10 28 3 5 37 36 
8 21 17 18 11 38 2 7 31 10 28 3 5 37 36 
8 21 17 18 11 38 2 7 31 10 28 3 5 37 36 
8 21 17 18 11 38 2 7 31 10 28 3 5 37 36 
8 21 17 18 11 38 2 7 31 10 28 3 5 37 36 
8 21 17 18 11 38 2 7 31 10 28 3 5 37 36 
8 21 17 18 11 38 2 7 31 10 28 3 5 37 36 
8 21 17 18 11 38 2 7 31 10 28 3 5 37 36 
8 21 17 18 11 38 2 7 31 10 28 3 5 37 36 
8 21 17 18 11 38 2 7 31 10 28 3 5 37 36 
8 21 17 18 11 38 2 7 31 10 28 3 5 37 36 
8 21 17 18 11 38 2 7 31 10 28 3 5 37 36 
8 21 17 18 11 38 2 7 31 10 28 3 5 37 36 
8 21 17 18 11 38 2 7 31 10 28 3 5 37 36 
8 21 17 18 11 38 2 7 31 10 28 3 5 37 36 
8 21 17 18 11 38 2 7 31 10 28 3 5 37 36 
8 21 17 18 11 38 2 7 31 10 28 3 5 37 36 
8 21 17 18 11 38 2 7 31 10 28 3 5 37 36 
8 21 17 18 11 38 2 7 31 10 28 3 5 37 36 
8 21 17 18 11 38 2 7 31 10 28 3 5 37 36 
8 21 17 18 11 38 2 7 31 10 28 3 5 37 36 
8 21 17 18 11 38 2 7 31 10 28 3 5 37 36 
8 21 17 18 11 38 2 7 31 10 28 3 5 37 36 
8 21 17 18 11 38 2 7 31 10 28 3 5 37 36 
8 21 17 18 11 38 2 7 31 10 28 3 5 37 36 
8 21 17 18 11 38 2 7 31 10 28 3 5 37 36 
8 21 17 18 11 38 2 7 31 10 28 3 5 37 36 
8 21 17 18 11 38 2 7 31 10 28 3 5 37 36 
8 21 17 18 11 38 2 7 31 10 28 3 5 37 36 
8 21 17 18 11 38 2 7 31 10 28 3 5 37 36 
8 21 17 18 11 38 2 7 31 10 28 3 5 37 36 
8 21 17 18 11 38 2 7 31 10 28 3 5 37 36 
8 21 17 18 11 38 2 7 31 10 28 3 5 37 36 
8 21 17 18 11 38 2 7 31 10 28 3 5 37 36 
8 21 17 18 11 38 2 7 31 10 28 3 5 37 36 
8 21 17 18 11 38 2 7 31 10 28 3 5 37 36 
8 21 17 18 11 38 2 7 31 10 28 3 5 37 36 
8 21 17 18 11 38 2 7 31 10 28 3 5 37 36 
8 21 17 18 11 38 2 7 31 10 28 3 5 37 36 
8 21 17 18 11 38 2 7 31 10 28 3 5 37 36 
8 21 17 18 11 38 2 7 31 10 28 3 5 37 36 
8 21 17 18 11 38 2 7 31 10 28 3 5 37 36 
8 21 17 18 11 38 2 7 31 10 28 3 5 37 36 
8 21 17 18 11 38 2 7 31 10 28 3 5 37 36 
8 21 17 18 11 38 2 7 31 10 28 3 5 37 36 
8 21 17 18 11 38 2 7 31 10 28 3 5 37 36 
8 21 17 18 11 38 2 7 31 10 28 3 5 37 36 
8 21 17 18 11 38 2 7 31 10 28 3 5 37 36 
8 21 17 18 11 38 2 7 31 10 28 3 5 37 36 
8 21 17 18 11 38 2 7 31 10 28 3 5 37 36 
8 21 17 18 11 38 2 7 31 10 28 3 5 37 36 
8 21 17 18 11 38 2 7 31 10 28 3 5 37 36 
8 21 17 18 11 38 2 7 31 10 28 3 5 37 36 
8 21 17 18 11 38 2 7 31 10 28 3 5 37 36 
8 21 17 18 11 38 2 7 31 10 28 3 5 37 36 
8 21 17 18 11 38 2 7 31 10 28 3 5 37 36 
8 21 17 18 11 38 2 7 31 10 28 3 5 37 36 
8 21 17 18 11 38 2 7 31 10 28 3 5 37 36 
8 21 17 18 11 38 2 7 31 10 28 3 5 37 36 
8 21 17 18 11 38 2 7 31 10 28 3 5 37 36 
8 21 17 18 11 38 2 7 31 10 28 3 5 37 36 
8 21 17 18 11 38 2 7 31 10 28 3 5 37 36 
8 21 17 18 11 38 2 7 31 10 28 3 5 37 36 
8 21 17 18 11 38 2 7 31 10 28 3 5 37 36 
8 21 17 18 11 38 2 7 31 10 28 3 5 37 36 
8 21 17 18 11 38 2 7 31 10 28 3 5 37 36 
8 21 17 18 11 38 2 7 31 10 28 3 5 37 36 
8 21 17 18 11 38 2 7 31 10 28 3 5 37 36 
8 21 17 18 11 38 2 7 31 10 28 3 5 37 36 
8 21 17 18 11 38 2 7 31 10 28 3 5 37 36 
8 21 17 18 11 38 2 7 31 10 28 3 5 37 36 
8 21 17 18 11 38 2 7 33 10 28 3 5 37 36 
8 21 17 18 11 38 2 7 33 10 28 3 5 37 36 
8 21 17 18 11 38 2 7 33 10 28 3 5 37 36 
8 21 17 18 11 38 2 7 33 10 28 3 5 37 36 
8 21 17 18 11 38 2 7 33 10 28 3 5 37 36 
8 21 17 18 11 38 2 7 33 10 28 3 5 37 36 
8 21 17 18 11 38 2 7 33 10 28 3 5 37 36 
8 21 17 18 11 38 2 7 33 10 28 3 5 37 36 
8 21 17 18 11 38 2 7 33 10 28 3 5 37 36 
8 21 17 18 11 38 2 7 33 10 28 3 5 37 36 
8 21 17 18 11 38 2 7 33 10 28 3 5 37 36 
8 21 17 18 11 38 2 7 33 10 28 3 5 37 36 
8 21 17 18 11 38 2 7 33 10 28 3 5 37 36 
8 21 17 18 11 38 2 7 33 10 28 3 5 37 36 
8 21 17 18 11 38 2 7 33 10 28 3 5 37 36 
8 21 17 18 11 38 2 7 33 10 28 3 5 37 36 
8 21 17 18 11 38 2 7 33 10 28 3 5 37 36 
8 21 17 18 11 38 2 7 33 10 28 3 5 37 36 
8 21 17 18 11 38 2 7 33 10 28 3 5 37 36 
8 21 17 18 11 38 2 7 33 10 28 3 5 37 36 
8 21 17 18 11 38 2 7 33 10 28 3 5 37 36 
8 21 17 18 11 38 2 7 33 10 28 3 5 37 36 
8 21 17 18 11 38 2 7 33 10 28 3 5 37 36 
8 21 17 18 11 38 2 7 33 10 28 3 5 37 36 
8 21 17 18 11 38 2 7 33 10 28 3 5 37 36 
8 21 17 18 11 38 2 7 33 10 28 3 5 37 36 
8 21 17 18 11 38 2 7 33 10 28 3 5 37 36 
8 21 17 18 11 38 2 7 33 10 28 3 5 37 36 
8 21 17 18 11 38 2 7 33 10 28 3 5 37 36 
8 21 17 18 11 38 2 7 33 10 28 3 5 37 36 
8 21 17 18 11 38 2 7 33 10 28 3 5 37 36 
8 21 17 18 11 38 2 7 33 10 28 3 5 37 36 
8 21 17 18 11 38 2 7 33 10 28 3 5 37 36 
8 21 17 18 11 38 2 7 33 10 28 3 5 37 36 
8 21 17 18 11 38 2 7 33 10 28 3 5 37 36 
8 21 17 18 11 38 2 7 33 10 28 3 5 37 36 
8 21 17 18 11 38 2 7 33 10 28 3 5 37 36 
8 21 17 18 11 38 2 7 33 10 28 3 5 37 36 
8 21 17 18 11 38 2 7 33 10 28 3 5 37 36 
8 21 17 18 11 38 2 7 33 10 28 3 5 37 36 
8 21 17 18 11 38 2 7 33 10 28 3 5 37 36 
8 21 17 18 11 38 2 7 33 10 28 3 5 37 36 
8 21 17 18 11 38 2 7 33 10 28 3 5 37 36 
8 21 17 18 11 38 2 7 33 10 28 3 5 37 36 
8 21 17 18 11 38 2 7 33 10 28 3 5 37 36 
8 21 17 18 11 38 2 7 33 10 28 3 5 37 36 
8 21 17 18 11 38 2 7 33 10 28 3 5 37 36 
8 21 17 18 11 38 2 7 33 10 28 3 5 37 36 
8 21 17 18 11 38 2 7 33 10 28 3 5 37 36 
8 21 17 18 11 38 2 7 33 10 28 3 5 37 36 
8 21 17 18 11 38 2 7 33 10 28 3 5 37 36 
8 21 17 18 11 38 2 7 33 10 28 3 5 37 36 
8 21 17 18 11 38 2 7 33 10 28 3 5 37 36 
8 21 17 18 11 38 2 7 33 10 28 3 5 37 36 
8 21 17 18 11 38 2 7 33 10 28 3 5 37 36 
8 21 17 18 11 38 2 7 33 10 28 3 5 37 36 
8 21 17 18 11 38 2 7 33 10 28 3 5 37 36 
8 21 17 18 11 38 2 7 33 10 28 3 5 37 36 
8 21 17 18 11 38 2 7 33 10 28 3 5 37 36 
8 21 17 18 11 38 2 7 33 10 28 3 5 37 36 
8 21 17 18 11 38 2 7 33 10 28 3 5 37 36 
8 21 17 18 11 38 2 7 33 10 28 3 5 37 36 
8 21 17 18 11 38 2 7 33 10 28 3 5 37 36 
8 21 17 18 11 38 2 7 33 10 28 3 5 37 36 
8 21 17 18 11 38 2 7 33 10 28 3 5 37 36 
8 21 17 18 11 38 2 7 33 10 28 3 5 37 36 
8 21 17 18 11 38 2 7 33 10 28 3 5 37 36 
8 21 17 18 11 38 2 7 33 10 28 3 5 37 36 
8 21 17 18 11 38 2 7 33 10 28 3 5 37 36 
8 21 17 18 11 38 2 7 33 10 28 3 5 37 36 
8 21 17 18 11 38 2 7 33 10 28 3 5 37 36 
8 21 17 18 11 38 2 7 33 10 28 3 5 37 36 
8 21 17 18 11 38 2 7 33 10 28 3 5 37 36 
8 21 17 18 11 38 2 7 33 10 28 3 5 37 36 
8 21 17 18 11 38 2 7 33 10 28 3 5 37 36 
8 21 17 18 11 38 2 7 33 10 28 3 5 37 36 
8 21 17 18 11 38 2 7 33 10 28 3 5 37 36 
8 21 17 18 11 38 2 7 33 10 28 3 5 37 36 
8 21 17 18 11 38 2 7 33 10 28 3 5 37 36 
8 21 17 18 11 38 2 7 33 10 28 3 5 37 36 
8 21 17 18 11 38 2 7 33 10 28 3 5 37 36 
8 21 17 18 11 38 2 7 33 10 28 3 5 37 36 
8 21 17 18 11 38 2 7 33 10 28 3 5 37 36 
8 21 17 18 11 38 2 7 33 10 28 3 5 37 36 
8 21 17 18 11 38 2 7 33 10 28 3 5 37 36 
8 21 17 18 11 38 2 7 33 10 28 3 5 37 36 
8 21 17 18 11 38 2 7 33 10 28 3 5 37 36 
8 21 17 18 11 38 2 7 33 10 28 3 5 37 36 
8 21 17 18 11 38 2 7 33 10 28 3 5 37 36 
8 21 17 18 11 38 2 7 33 10 28 3 5 37 36 
8 21 17 18 11 38 2 7 33 10 28 3 5 37 36 
8 21 17 18 11 38 2 7 33 10 28 3 5 37 36 
8 21 17 18 11 38 2 7 33 10 28 3 5 37 36 
8 21 17 18 11 38 2 7 33 10 28 3 5 37 36 
8 21 17 18 11 38 2 7 33 10 28 3 5 37 36 
8 21 17 18 11 38 2 7 33 10 28 3 5 37 36 
8 21 17 18 11 38 2 7 33 10 28 3 5 37 36 
8 21 17 18 11 38 2 7 33 10 28 3 5 37 36 
8 21 17 18 11 38 2 7 33 10 28 3 5 37 36 
8 21 17 18 11 38 2 7 33 10 28 3 5 37 36 
8 21 17 18 11 38 2 7 33 10 28 3 5 37 36 
